{
  "advancedEditorSelectedIdentifier" : "ProjectBrowser",
  "openSceneRelativePaths" : [
    "Dino.usda",
    "trex.usda",
    "raptor2.usda",
    "triceratops.usda",
    "animatedTrex.usda",
    "raptorEgg.usda"
  ],
  "recentIdentifiers" : {
    "F125FBA5-C137-4056-88AC-FAC38C8A060C" : [

    ]
  },
  "sceneCameraHistory" : {
    "4B9FDE7F-686A-4976-BA44-35FD45DF9ADC" : [
      {
        "date" : 724858372.64719105,
        "title" : "Untitled",
        "transform" : [
          1,
          0,
          0,
          0,
          0,
          0.86602544784545898,
          -0.49999994039535522,
          0,
          0,
          0.49999994039535522,
          0.86602544784545898,
          0,
          0,
          0.22488930821418762,
          0.38951978087425232,
          1
        ]
      }
    ],
    "7D5CA92E-F7F4-4046-A22F-2224228F08C5" : [
      {
        "date" : 724783122.43992198,
        "title" : "Untitled",
        "transform" : [
          0.99647414684295654,
          5.3851600956278389e-10,
          0.083900399506092072,
          0,
          0.010309597477316856,
          0.99242168664932251,
          -0.12244575470685959,
          0,
          -0.083264574408531189,
          0.12287899851799011,
          0.98892247676849365,
          0,
          -2.9459140300750732,
          1.8739477396011353,
          5.082733154296875,
          1
        ]
      },
      {
        "date" : 724783095.319013,
        "title" : "Untitled",
        "transform" : [
          0.99647414684295654,
          5.3851600956278389e-10,
          0.083900399506092072,
          0,
          0.010309597477316856,
          0.99242168664932251,
          -0.12244575470685959,
          0,
          -0.083264574408531189,
          0.12287899851799011,
          0.98892247676849365,
          0,
          -3.7034370899200439,
          2.3558216094970703,
          6.3897256851196289,
          1
        ]
      },
      {
        "date" : 724783074.987535,
        "title" : "Untitled",
        "transform" : [
          0.51624518632888794,
          -1.9744094359452902e-08,
          -0.85644084215164185,
          0,
          -0.18976946175098419,
          0.97514241933822632,
          -0.11438921093940735,
          0,
          0.83515173196792603,
          0.2215791791677475,
          0.50341254472732544,
          0,
          5.7846579551696777,
          3.3681106567382812,
          2.6606819629669189,
          1
        ]
      },
      {
        "date" : 724783071.88170898,
        "title" : "Untitled",
        "transform" : [
          0.99999648332595825,
          0,
          0.0026550262700766325,
          0,
          0.0013275127857923508,
          0.86602544784545898,
          -0.49999812245368958,
          0,
          -0.0022993204183876514,
          0.49999988079071045,
          0.86602240800857544,
          0,
          0.85332208871841431,
          5.0693025588989258,
          5.1893224716186523,
          1
        ]
      },
      {
        "date" : 724783053.13390505,
        "title" : "Untitled",
        "transform" : [
          1,
          0,
          0,
          0,
          0,
          0.86602544784545898,
          -0.49999988079071045,
          0,
          0,
          0.49999988079071045,
          0.86602544784545898,
          0,
          0,
          0.23002022504806519,
          0.3984067440032959,
          1
        ]
      }
    ],
    "573E7F14-4570-4CF2-8471-A2409B6B1108" : [
      {
        "date" : 724862833.94186199,
        "title" : "Untitled",
        "transform" : [
          1,
          0,
          0,
          0,
          0,
          0.86635041236877441,
          -0.4994366466999054,
          0,
          0,
          0.4994366466999054,
          0.86635041236877441,
          0,
          -2.8439309597015381,
          6.5206193923950195,
          7.8898682594299316,
          1
        ]
      },
      {
        "date" : 724782508.941203,
        "title" : "Untitled",
        "transform" : [
          1,
          0,
          0,
          0,
          0,
          0.86635041236877441,
          -0.4994366466999054,
          0,
          0,
          0.4994366466999054,
          0.86635041236877441,
          0,
          -11.321469306945801,
          16.517303466796875,
          19.822864532470703,
          1
        ]
      },
      {
        "date" : 724782506.32349598,
        "title" : "Untitled",
        "transform" : [
          1,
          0,
          0,
          0,
          0,
          0.86635041236877441,
          -0.4994366466999054,
          0,
          0,
          0.4994366466999054,
          0.86635041236877441,
          0,
          -0.38951513171195984,
          14.535542488098145,
          20.965314865112305,
          1
        ]
      }
    ],
    "774DE2BE-4C26-487C-BC57-DA1A0B5ACF4A" : [
      {
        "date" : 724937638.17132401,
        "title" : "Untitled",
        "transform" : [
          1,
          0,
          0,
          0,
          0,
          0.86602544784545898,
          -0.49999994039535522,
          0,
          0,
          0.49999994039535522,
          0.86602544784545898,
          0,
          0.040005862712860107,
          2.2598690986633301,
          4.274266242980957,
          1
        ]
      },
      {
        "date" : 724932840.64252198,
        "title" : "Untitled",
        "transform" : [
          1,
          0,
          0,
          0,
          0,
          0.86602544784545898,
          -0.49999994039535522,
          0,
          0,
          0.49999994039535522,
          0.86602544784545898,
          0,
          -0.30003577470779419,
          0.83075284957885742,
          5.0993666648864746,
          1
        ]
      },
      {
        "date" : 724932829.161654,
        "title" : "Untitled",
        "transform" : [
          1,
          0,
          0,
          0,
          0,
          0.86602544784545898,
          -0.49999994039535522,
          0,
          0,
          0.49999994039535522,
          0.86602544784545898,
          0,
          0,
          2.4157791137695312,
          4.1842532157897949,
          1
        ]
      },
      {
        "date" : 724932815.34354901,
        "title" : "Untitled",
        "transform" : [
          1,
          0,
          -0,
          0,
          -0,
          0.86602544784545898,
          -0.49999994039535522,
          0,
          0,
          0.49999994039535522,
          0.86602544784545898,
          0,
          0,
          0.22488930821418762,
          0.38951978087425232,
          1
        ]
      }
    ],
    "3707DFC0-DA0D-4DCE-958D-CEFC4481082B" : [
      {
        "date" : 724851802.58082795,
        "title" : "Untitled",
        "transform" : [
          -0.86178004741668701,
          1.635766011531814e-08,
          -0.50728219747543335,
          0,
          -0.26433753967285156,
          0.85350430011749268,
          0.44906139373779297,
          0,
          0.43296748399734497,
          0.52108585834503174,
          -0.73553293943405151,
          0,
          0.7626146674156189,
          0.72890371084213257,
          -1.2714424133300781,
          1
        ]
      },
      {
        "date" : 724851798.44710004,
        "title" : "Untitled",
        "transform" : [
          -0.86178004741668701,
          4.4162256074287143e-08,
          -0.50728213787078857,
          0,
          -0.26433750987052917,
          0.85350430011749268,
          0.44906142354011536,
          0,
          0.43296748399734497,
          0.52108585834503174,
          -0.73553293943405151,
          0,
          0.7626146674156189,
          0.72890371084213257,
          -1.2714424133300781,
          1
        ]
      },
      {
        "date" : 724851796.81256604,
        "title" : "Untitled",
        "transform" : [
          -0.86178004741668701,
          4.4162256074287143e-08,
          -0.50728213787078857,
          0,
          -0.26433750987052917,
          0.85350430011749268,
          0.44906142354011536,
          0,
          0.43296748399734497,
          0.52108585834503174,
          -0.73553293943405151,
          0,
          0.7626146674156189,
          0.72890371084213257,
          -1.2714424133300781,
          1
        ]
      },
      {
        "date" : 724851788.638767,
        "title" : "Untitled",
        "transform" : [
          0.99981045722961426,
          0,
          -0.019468985497951508,
          0,
          -0.0097344908863306046,
          0.86602544784545898,
          -0.49990510940551758,
          0,
          0.016860637813806534,
          0.49999988079071045,
          0.86586129665374756,
          0,
          0.011486907489597797,
          0.69280582666397095,
          1.4997830390930176,
          1
        ]
      },
      {
        "date" : 724851775.057657,
        "title" : "Untitled",
        "transform" : [
          1,
          0,
          0,
          0,
          0,
          0.86602544784545898,
          -0.49999988079071045,
          0,
          0,
          0.49999988079071045,
          0.86602544784545898,
          0,
          -0.011875394731760025,
          0.12639749050140381,
          0.51896214485168457,
          1
        ]
      },
      {
        "date" : 724851758.46977901,
        "title" : "Untitled",
        "transform" : [
          1,
          0,
          0,
          0,
          0,
          0.86602544784545898,
          -0.49999988079071045,
          0,
          0,
          0.49999988079071045,
          0.86602544784545898,
          0,
          0,
          0.74625867605209351,
          1.2925578355789185,
          1
        ]
      },
      {
        "date" : 724851754.48896801,
        "title" : "Untitled",
        "transform" : [
          1,
          0,
          0,
          0,
          0,
          0.86602544784545898,
          -0.49999988079071045,
          0,
          0,
          0.49999988079071045,
          0.86602544784545898,
          0,
          0,
          0.2502252459526062,
          0.43340283632278442,
          1
        ]
      },
      {
        "date" : 724851738.50551796,
        "title" : "Untitled",
        "transform" : [
          1,
          0,
          0,
          0,
          0,
          0.86602544784545898,
          -0.49999988079071045,
          0,
          0,
          0.49999988079071045,
          0.86602544784545898,
          0,
          0,
          0.22533302009105682,
          0.39028826355934143,
          1
        ]
      },
      {
        "date" : 724851735.77904296,
        "title" : "Untitled",
        "transform" : [
          1,
          0,
          0,
          0,
          0,
          0.86602544784545898,
          -0.49999988079071045,
          0,
          0,
          0.49999988079071045,
          0.86602544784545898,
          0,
          0,
          0.23057141900062561,
          0.39936143159866333,
          1
        ]
      }
    ],
    "54504259-1B2C-456C-AB5B-DA695E175BD3" : [
      {
        "date" : 724862843.36733603,
        "title" : "Untitled",
        "transform" : [
          0.99952507019042969,
          -2.3046824537686916e-07,
          -0.030815090984106064,
          0,
          -0.011011769995093346,
          0.9339679479598999,
          -0.3571871817111969,
          0,
          0.028780387714505196,
          0.35735687613487244,
          0.93352431058883667,
          0,
          -0.34403538703918457,
          1.9782776832580566,
          2.8732528686523438,
          1
        ]
      },
      {
        "date" : 724862812.13819098,
        "title" : "Untitled",
        "transform" : [
          0.99952507019042969,
          -2.3046824537686916e-07,
          -0.030815090984106064,
          0,
          -0.011011769995093346,
          0.9339679479598999,
          -0.3571871817111969,
          0,
          0.028780387714505196,
          0.35735687613487244,
          0.93352431058883667,
          0,
          -0.5320514440536499,
          1.3501186370849609,
          3.1195113658905029,
          1
        ]
      },
      {
        "date" : 724785468.27360296,
        "title" : "Untitled",
        "transform" : [
          0.99952507019042969,
          -2.3046824537686916e-07,
          -0.030815090984106064,
          0,
          -0.011011769995093346,
          0.9339679479598999,
          -0.3571871817111969,
          0,
          0.028780387714505196,
          0.35735687613487244,
          0.93352431058883667,
          0,
          -2.2545123100280762,
          2.8355662822723389,
          12.479602813720703,
          1
        ]
      },
      {
        "date" : 724785462.05197299,
        "title" : "Untitled",
        "transform" : [
          0.99952507019042969,
          -2.3046824537686916e-07,
          -0.030815090984106064,
          0,
          -0.011011769995093346,
          0.9339679479598999,
          -0.3571871817111969,
          0,
          0.028780387714505196,
          0.35735687613487244,
          0.93352431058883667,
          0,
          -2.1011340618133545,
          4.7401456832885742,
          17.455007553100586,
          1
        ]
      },
      {
        "date" : 724785456.38022995,
        "title" : "Untitled",
        "transform" : [
          1,
          0,
          0,
          0,
          0,
          0.70710688829421997,
          -0.70710670948028564,
          0,
          0,
          0.70710670948028564,
          0.70710688829421997,
          0,
          -3.9135847091674805,
          10.872772216796875,
          14.481419563293457,
          1
        ]
      },
      {
        "date" : 724785453.73872101,
        "title" : "Untitled",
        "transform" : [
          1,
          0,
          0,
          0,
          0,
          0.70710688829421997,
          -0.70710670948028564,
          0,
          0,
          0.70710670948028564,
          0.70710688829421997,
          0,
          -8.1580266952514648,
          20.725168228149414,
          19.877151489257812,
          1
        ]
      },
      {
        "date" : 724785442.32418597,
        "title" : "Untitled",
        "transform" : [
          1,
          0,
          0,
          0,
          0,
          0.70710688829421997,
          -0.70710670948028564,
          0,
          0,
          0.70710670948028564,
          0.70710688829421997,
          0,
          -8.1579227447509766,
          25.865028381347656,
          14.73729419708252,
          1
        ]
      },
      {
        "date" : 724785434.09801996,
        "title" : "Untitled",
        "transform" : [
          1,
          0,
          0,
          0,
          0,
          0.70710688829421997,
          -0.70710670948028564,
          0,
          0,
          0.70710670948028564,
          0.70710688829421997,
          0,
          -1.054161548614502,
          3.3422627449035645,
          1.9043437242507935,
          1
        ]
      },
      {
        "date" : 724784694.47974598,
        "title" : "Untitled",
        "transform" : [
          1,
          0,
          0,
          0,
          0,
          0.7071068286895752,
          -0.70710676908493042,
          0,
          0,
          0.70710676908493042,
          0.7071068286895752,
          0,
          -0.010716414079070091,
          7.6877822875976562,
          7.6312918663024902,
          1
        ]
      },
      {
        "date" : 724783461.65119398,
        "title" : "Untitled",
        "transform" : [
          1,
          0,
          0,
          0,
          0,
          0.7071068286895752,
          -0.70710676908493042,
          0,
          0,
          0.70710676908493042,
          0.7071068286895752,
          0,
          0,
          10.971362113952637,
          10.971362113952637,
          1
        ]
      }
    ],
    "E9573D44-4966-40ED-96C5-618788C60767" : [
      {
        "date" : 724782499.702721,
        "title" : "Untitled",
        "transform" : [
          1,
          0,
          0,
          0,
          0,
          0.85794126987457275,
          -0.51374781131744385,
          0,
          0,
          0.51374781131744385,
          0.85794126987457275,
          0,
          -6.6741337776184082,
          111.63868713378906,
          217.21443176269531,
          1
        ]
      }
    ],
    "F125FBA5-C137-4056-88AC-FAC38C8A060C" : [
      {
        "date" : 724865505.67218697,
        "title" : "Untitled",
        "transform" : [
          0.67641955614089966,
          -3.0217361057793823e-08,
          0.73651653528213501,
          0,
          0.37144249677658081,
          0.86351490020751953,
          -0.34113416075706482,
          0,
          -0.63599300384521484,
          0.50432336330413818,
          0.58409839868545532,
          0,
          -10.986547470092773,
          5.5628933906555176,
          5.1194438934326172,
          1
        ]
      },
      {
        "date" : 724862743.60781801,
        "title" : "Untitled",
        "transform" : [
          0.67641955614089966,
          -3.0217361057793823e-08,
          0.73651653528213501,
          0,
          0.37144249677658081,
          0.86351490020751953,
          -0.34113416075706482,
          0,
          -0.63599300384521484,
          0.50432336330413818,
          0.58409839868545532,
          0,
          -1.3301219940185547,
          0.66962456703186035,
          0.62501603364944458,
          1
        ]
      },
      {
        "date" : 724862735.25513601,
        "title" : "Untitled",
        "transform" : [
          0.67641955614089966,
          -3.0217361057793823e-08,
          0.73651653528213501,
          0,
          0.37144249677658081,
          0.86351490020751953,
          -0.34113416075706482,
          0,
          -0.63599300384521484,
          0.50432336330413818,
          0.58409839868545532,
          0,
          -1.0567259788513184,
          0.80977547168731689,
          0.8016926646232605,
          1
        ]
      },
      {
        "date" : 724858345.19403398,
        "title" : "Untitled",
        "transform" : [
          0.67641955614089966,
          -3.0217361057793823e-08,
          0.73651653528213501,
          0,
          0.37144249677658081,
          0.86351490020751953,
          -0.34113416075706482,
          0,
          -0.63599300384521484,
          0.50432336330413818,
          0.58409839868545532,
          0,
          -0.2940632700920105,
          0.22050325572490692,
          0.22555835545063019,
          1
        ]
      },
      {
        "date" : 724854394.426965,
        "title" : "Untitled",
        "transform" : [
          0.67641955614089966,
          -3.0217361057793823e-08,
          0.73651653528213501,
          0,
          0.37144249677658081,
          0.86351490020751953,
          -0.34113416075706482,
          0,
          -0.63599300384521484,
          0.50432336330413818,
          0.58409839868545532,
          0,
          -0.2940632700920105,
          0.22050325572490692,
          0.22555835545063019,
          1
        ]
      },
      {
        "date" : 724854391.109689,
        "title" : "Untitled",
        "transform" : [
          0.99999773502349854,
          0,
          -0.0021209700498729944,
          0,
          -0.0010604847921058536,
          0.86602544784545898,
          -0.49999874830245972,
          0,
          0.0018368139863014221,
          0.49999988079071045,
          0.8660234808921814,
          0,
          -0.13899819552898407,
          0.24439297616481781,
          0.35897257924079895,
          1
        ]
      },
      {
        "date" : 724854383.08357298,
        "title" : "Untitled",
        "transform" : [
          0.99999773502349854,
          0,
          -0.0021209700498729944,
          0,
          -0.0010604847921058536,
          0.86602544784545898,
          -0.49999874830245972,
          0,
          0.0018368139863014221,
          0.49999988079071045,
          0.8660234808921814,
          0,
          -0.17410518229007721,
          0.24914266169071198,
          0.35630479454994202,
          1
        ]
      },
      {
        "date" : 724854349.22311604,
        "title" : "Untitled",
        "transform" : [
          0.99999773502349854,
          0,
          -0.0021209700498729944,
          0,
          -0.0010604847921058536,
          0.86602544784545898,
          -0.49999874830245972,
          0,
          0.0018368139863014221,
          0.49999988079071045,
          0.8660234808921814,
          0,
          0.0014391946606338024,
          0.21779398620128632,
          0.37403172254562378,
          1
        ]
      },
      {
        "date" : 724854347.44353604,
        "title" : "Untitled",
        "transform" : [
          1,
          0,
          0,
          0,
          0,
          0.86602544784545898,
          -0.49999988079071045,
          0,
          0,
          0.49999988079071045,
          0.86602544784545898,
          0,
          -0.0015617483295500278,
          0.11862970888614655,
          0.21271117031574249,
          1
        ]
      },
      {
        "date" : 724854340.33847797,
        "title" : "Untitled",
        "transform" : [
          1,
          0,
          0,
          0,
          0,
          0.86602544784545898,
          -0.49999988079071045,
          0,
          0,
          0.49999988079071045,
          0.86602544784545898,
          0,
          0,
          0.1874781996011734,
          0.32472178339958191,
          1
        ]
      }
    ]
  },
  "selectedSceneRelativePath" : "raptorEgg.usda"
}